16474
11744
28994
1414
11483
13711
18967
3123
16202
16542
24005
446
13134
24731
8746
17543
11233
16252
29343
16369
27475
27363
23126
785
25137
5758
13626
5222
31235
2235
6999
5411
1422
20129
13458
21106
23297
4880
11863
10444
8607
11376
26521
29752
24851
19894
31368
25562
20531
10675
19882
12388
18902
17265
29910
17515
8052
5262
10875
24834
9966
18526
7926
24582
21087
6978
15639
17285
28018
668
32225
6473
2231
31549
26703
3496
4058
7793
1645
19799
6270
31406
7505
30524
28703
21187
26233
11531
914
25613
20509
19489
7062
16515
23010
13708
12390
4273
6469
22825
5142
18638
23608
17892
29408
22102
20677
27665
12956
10113
24256
27882
28650
4586
9899
609
3079
31365
24803
23087
1282
16696
9084
28528
27519
19829
9653
25089
18973
32053
11529
32017
13192
11502
21391
20551
31353
31882
19365
6601
24979
15634
32420
3952
4697
22413
12633
1462
3680
25566
3181
14619
19052
13628
29009
25543
17116
30054
21336
11735
28210
15988
31392
14566
879
17043
13870
11115
3300
27289
18247
24015
6681
5511
27870
15610
11276
21639
15109
31313
695
10046
21985
14157
23579
19878
12970
5363
25514
5627
5641
31693
9344
177
288
14426
17996
6157
5035
21210
6365
5202
26204
3752
10311
19817
29732
12475
29320
14110
7644
12060
13365
6322
4353
5243
16248
21461
27868
1322
27499
3786
20901
28578
32049
9619
20774
26966
28676
16264
9267
14246
13145
16838
14139
19668
12341
22626
7939
20833
15188
19571
28529
19244
25736
24833
29071
1249
2384
8387
4434
10294
3474
14162
7261
1171
2699
27571
30379
28929
32186
3988
28606
2499
32380
4795
7962
24077
32310
9171
17024
23624
14022
11200
14785
11653
18528
27149
31247
1092
11612
19318
20410
11517
24145
4166
30989
22088
21183
807
17031
24233
5629
31051
9598
7357
30965
32085
6042
17222
19840
11337
20449
23448
26187
4143
24190
17713
11738
21191
3784
18451
26047
25851
4193
18122
28317
8531
22160
7778
5214
7951
1201
4719
3214
9833
17567
19324
24385
4978
6377
3546
17075
11367
325
29989
24748
6476
28863
15892
685
28364
20753
21332
1191
31357
5000
3894
920
18176
11755
18751
27141
18945
8681
29344
6789
29615
5432
17574
7536
12683
28479
12767
7730
3356
20159
2582
10457
13306
12389
20495
27096
20120
22229
6561
6815
9979
6001
14479
8645
17488
8022
15227
26979
14885
2029
29088
31050
15726
9760
6967
16642
6684
25369
15725
13403
20364
9575
12457
25907
8030
29983
21012
24999
7214
16702
3540
11511
25885
16738
23099
12481
13990
14256
2749
10149
27215
16212
19067
7980
4086
25829
11334
21126
1945
7174
7419
30134
14905
28394
21976
15629
23363
5759
17040
11011
18092
9874
23902
19628
23058
24165
18536
1691
5808
14289
26306
18670
20312
12281
20195
2750
8259
5990
14305
850
28947
13865
22864
12516
23866
4236
4500
7757
2597
13061
27685
26278
25343
12754
14997
15585
13988
30729
8193
23726
19471
5171
27589
25395
31327
25356
342
1775
8056
7701
21577
5448
29163
18065
16476
28505
11901
16849
27608
32434
26853
31591
2941
